From \ To,1,2,3,4,5,6,7,8,9,10,11,12,13,14,15,16,17,18,19,20,21,22,23,24,25,26,27,28,29,30,31,32,33,34,35,36,37,38,39,40,41,42,43,44,45,46,47,48,49,50,51,52,53,54,55,56,57,58,59,60,61,62,63,64,65,66,67,68,69,70,71,72,73,74,75,76,77,78,79,80,81,82,83,84,85,86,87,88,89,90,91,92
1,0,87.211,97.6069,106.8138,395.17359999999996,480.5043,444.3403,451.619,594.1972,604.9676,605.0224000000001,678.5310999999999,557.5306999999999,569.0145,634.4363000000001,594.8946,175.4749,281.8142,363.7137,277.1398,353.94109999999995,311.72040000000004,312.4415,350.1057,346.7856,335.4298,313.0721,362.9002,420.764,445.71520000000004,373.45090000000005,441.21070000000003,366.36420000000004,549.5941,490.617,529.2689,512.2425,479.936,422.8804,435.7903,446.43190000000004,436.148,435.8298,198.46529999999998,164.8843,110.7198,519.8032000000001,556.2321999999999,578.0077,470.76509999999996,483.84409999999997,583.002,459.1539,685.1902,638.5251,666.8109000000001,642.4754,715.6791,575.5037,627.1496,629.8874000000001,586.8518,577.0618000000001,571.3039,574.8128,616.8089,278.6518,311.4405,227.5172,257.925,261.11039999999997,316.0831,302.10720000000003,503.00329999999997,451.9647,432.9882,449.51090000000005,451.9647,690.2649,636.0004,589.9445,620.0847,591.5811,265.1508,264.5897,273.11990000000003,257.6666,207.87529999999998,378.934,389.3298,535.4281,436.9765
2,87.211,0,5.3945,119.2012,311.4745,396.8052,360.6412,367.91990000000004,529.5518000000001,521.8373,521.8921,595.4008,474.40040000000005,485.8842,569.7909000000001,511.7644,189.7656,296.10490000000004,299.06829999999997,194.0095,270.8108,228.5901,229.3112,285.46029999999996,282.1402,270.7844,248.4267,298.2548,356.11859999999996,381.0698,308.8055,376.5653,301.7188,466.4638,407.4867,446.1386,429.11220000000003,396.8057,339.7501,352.6601,363.30170000000004,353.0177,352.6995,133.8199,100.2389,91.4715,455.1578,491.5868,513.3623,406.1197,419.19870000000003,518.3566,394.5085,602.0599,555.3948,583.6806,559.3451,632.5488,492.3735,544.0193,546.7570999999999,503.15270000000004,493.3627,487.6048,491.1137,533.1098000000001,214.00639999999999,246.79510000000002,162.87179999999998,193.27960000000002,196.465,251.4377,237.46179999999998,438.35790000000003,387.3193,368.3428,384.8655,387.3193,607.1346,552.8702,506.8142,536.3855,508.45090000000005,181.45170000000002,180.8906,189.42079999999999,174.53629999999998,124.745,295.23490000000004,403.6204,418.47429999999997,353.8462
3,97.6069,5.3945,0,130.4043,309.209,394.53970000000004,358.3757,365.6544,532.8186999999999,520.7563,520.8111,594.3198000000001,473.31940000000003,484.8032,573.0577,510.6833,200.9687,315.4226,291.52070000000003,192.9285,269.7298,227.50910000000002,228.23020000000002,288.72709999999995,285.407,274.0512,251.6936,301.5216,359.3854,384.3366,312.0723,379.83209999999997,304.9857,465.3828,406.4057,445.0576,428.0311,395.7247,338.66909999999996,351.579,362.2206,351.93670000000003,351.6184,137.0867,103.50569999999999,94.73830000000001,458.4246,494.8537,516.6291,409.3865,422.4655,521.6234000000001,397.7753,600.9789000000001,554.3138,582.5996,558.2641,631.4678,491.29240000000004,542.9383,545.6761,500.8872,491.0972,485.3393,488.8482,530.8443000000001,217.2732,250.062,166.1386,196.5465,199.7318,199.6064,240.7286,441.6247,390.5861,371.6096,388.1323,390.5861,606.0536,551.7891,505.7331,534.1201,507.3698,179.1862,178.6251,187.15529999999998,173.4553,123.664,292.9694,422.9382,416.2088,352.7652
4,106.8138,119.2012,130.4043,0,356.26759999999996,441.5982,405.43420000000003,412.713,626.6554,637.4258000000001,637.4806,710.9893000000001,589.9889000000001,601.4726999999999,666.8944,627.3528,93.78110000000001,200.1204,396.17190000000005,309.598,386.3993,344.17859999999996,344.8997,382.56390000000005,379.24379999999996,367.888,345.5303,395.3584,453.2222,478.1734,405.90909999999997,473.6689,398.8224,582.0523000000001,523.0752,561.7271,544.7006,512.3942,455.3386,468.2485,478.89009999999996,468.6062,468.28790000000004,230.9235,197.3424,188.5751,552.2614,588.6904000000001,610.4659,503.2233,516.3023,615.4602,491.6121,717.6484,670.9833000000001,699.2691,674.9336,748.1373000000001,607.9619,659.6078,662.3456,547.9457,538.1558,532.3979,535.9068000000001,577.9029,311.11,343.8987,259.9754,290.3832,293.5686,348.5412,334.5654,535.4615,484.4228,465.44640000000004,481.96909999999997,484.4228,722.723,668.4585999999999,539.3299000000001,581.1786,624.0393,226.2448,225.6836,234.2138,319.3347,240.3335,307.3824,307.636,453.73440000000005,469.4347
5,395.17359999999996,311.4745,309.209,356.26759999999996,0,80.0001,46.125800000000005,51.1149,574.3224,471.085,471.1398,544.6485,423.6481,435.13190000000003,600.9086,461.012,281.7705,294.9396,301.458,275.46029999999996,279.6671,216.2922,216.0394,494.84020000000004,491.52009999999996,480.16429999999997,429.2623,507.6347,565.4986,590.4497,469.4737,585.9452,511.0988,415.7115,356.73440000000005,395.3863,378.3598,218.105,158.4839,301.90770000000003,312.5493,302.26529999999997,301.9471,463.3145,415.135,406.3677,664.5377,700.9668,722.7421999999999,615.4996,628.5785999999999,727.7365,603.8884,551.3076,504.6425,532.9283,508.5928,581.7965,441.62109999999996,493.267,496.0048,186.3476,176.5577,170.79979999999998,174.30870000000002,216.30470000000003,434.6701,378.77070000000003,470.162,396.78909999999996,400.6443,328.9845,483.9144,414.77340000000004,356.29040000000003,405.95529999999997,355.6597,356.29040000000003,333.8896,337.0336,177.7318,219.5805,213.38029999999998,130.3447,141.3616,134.7877,184.89479999999998,226.2633,119.55980000000001,263.5372,195.1959,303.0939
6,480.5043,396.8052,394.53970000000004,441.5982,80.0001,0,67.2024,31.0966,585.7736,482.5362,482.59090000000003,556.0997,435.09929999999997,446.5831,612.3597,472.46320000000003,366.4326,379.6017,312.9092,286.9114,291.1182,227.74329999999998,227.4906,506.2914,502.9712,491.6155,440.7135,519.0859,576.9497,601.9009,480.9248,597.3964,522.5499,224.6352,368.1855,406.8375,389.811,167.873,144.4137,313.3589,324.0005,313.7165,313.3983,474.76559999999995,435.1182,491.02979999999997,675.9889000000001,712.4179,734.1933,626.9508000000001,640.0298,739.1876,615.3396,347.21009999999995,516.0935999999999,544.3795,312.2517,358.6491,453.0723,504.7182,507.456,141.72379999999998,131.9339,126.176,129.6849,171.681,446.1212,390.2219,481.6131,408.2403,412.0955,340.4357,495.3655,426.2245,367.74159999999995,417.4065,367.1108,367.74159999999995,258.35360000000003,261.4977,102.1959,174.9567,137.8444,215.0068,226.02370000000002,219.4497,179.92079999999999,231.4889,196.1874,340.1648,224.67589999999998,314.545
7,444.3403,360.6412,358.3757,405.43420000000003,46.125800000000005,67.2024,0,77.76360000000001,530.1975,426.96009999999995,427.0148,500.5236,379.52320000000003,391.007,556.7836,416.8871,330.2643,343.4334,257.3331,231.3353,235.5421,172.1672,171.9145,450.7153,447.39509999999996,436.0394,385.1374,463.5098,521.3736,546.3248000000001,425.3487,541.8203000000001,466.9738,371.5866,312.60940000000005,351.26140000000004,334.23490000000004,163.5958,114.35889999999999,257.7828,268.42440000000005,258.1404,257.8222,419.1896,379.5421,497.37620000000004,620.4128000000001,656.8418,678.6171999999999,571.3747,584.4536999999999,683.6115,559.7635,507.1826,460.5175,488.8034,464.4678,537.6715,397.4962,449.14209999999997,451.8799,188.39079999999998,178.6009,172.843,176.3519,218.348,390.5451,334.6458,426.037,352.6642,356.5194,284.8596,439.7894,370.64840000000004,312.1655,361.8304,311.5347,312.1655,295.445,298.5891,139.2873,221.6237,174.9358,178.8385,189.8554,183.2814,114.7097,175.91279999999998,174.6934,318.6708,239.3108,258.9689
8,451.619,367.91990000000004,365.6544,412.713,51.1149,31.0966,77.76360000000001,0,596.4547,493.21729999999997,493.27209999999997,566.7808,445.78040000000004,457.2642,623.0409000000001,483.1443,338.2808,351.4499,323.5903,297.5926,301.79940000000005,238.4245,238.17170000000002,516.9725,513.6524000000001,502.29659999999996,451.39459999999997,529.7671,587.6309,612.582,491.606,608.0775,533.2311,258.7926,378.86670000000004,417.5186,400.4922,218.8158,155.0949,324.04,334.6816,324.3977,324.0795,485.4468,445.79940000000005,462.878,686.6700999999999,723.0991,744.8745,637.632,650.711,749.8688000000001,626.0206999999999,373.74920000000003,526.7748,555.0606,338.7909,385.1882,463.7534,515.3993,518.1371,137.3508,127.5608,121.8029,125.3118,167.3079,456.80240000000003,400.903,492.29429999999996,418.9214,422.7766,351.1168,506.0467,436.9057,378.4227,428.0877,377.792,378.4227,284.8927,288.03679999999997,128.735,170.58370000000002,164.3835,186.855,197.87189999999998,191.298,241.4051,282.7736,168.03570000000002,312.01309999999995,196.5241,325.2262
9,594.1972,529.5518000000001,532.8186999999999,626.6554,574.3224,585.7736,530.1975,596.4547,0,116.158,102.3238,110.2305,203.26829999999998,157.78539999999998,57.8621,239.4034,697.9126,739.9045,454.52,461.6528,384.9676,402.2704,402.0177,249.1952,251.9511,261.325,307.06190000000004,279.1245,175.39020000000002,259.8745,288.7738,187.1223,249.7304,377.423,218.94,233.3701,195.93439999999998,364.54859999999996,408.2382,279.64029999999997,269.9232,279.3329,278.0013,411.5116,446.6425,489.6982,84.3476,66.3594,149.5463,116.97439999999999,187.35129999999998,107.5317,146.0094,513.0191,318.1688,335.91240000000005,470.3043,543.508,403.33259999999996,454.9785,457.7163,708.9635,699.1735,693.4155999999999,696.9245,738.9205999999999,341.5293,361.5911,407.5534,350.3173,344.1985,406.8893,410.4846,165.6241,178.2906,173.1064,191.4905,178.2906,518.0938,463.8293,484.9676,552.436,486.60429999999997,584.126,586.3265,579.7526,491.4762,518.3818,699.9684,847.4200999999999,791.9155,277.08279999999996
10,604.9676,521.8373,520.7563,637.4258000000001,471.085,482.5362,426.96009999999995,493.21729999999997,116.158,0,1.5172,69.0379,89.4895,53.1261,125.298,125.6245,622.0762,635.2453,382.99129999999997,356.9935,280.3083,297.6112,297.3584,318.8383,321.5942,330.9681,316.9467,348.76759999999996,245.0333,329.5175,271.8053,256.76529999999997,319.3735,272.7638,114.2808,119.5912,91.27510000000001,259.8893,303.57890000000003,174.981,165.2639,174.6736,173.342,481.1547,516.2855999999999,559.3413,167.7018,213.9083,245.8126,195.48729999999998,256.9944,240.678,215.6525,408.3598,204.38989999999998,222.1335,365.645,438.8488,298.6734,350.3193,244.17929999999998,604.3041999999999,594.5143,588.7564,592.2653,634.2614,411.17240000000004,303.96790000000004,477.1965,419.96040000000005,413.84159999999997,410.51779999999997,480.1277,128.8256,191.8328,193.4919,196.3193,191.8328,413.4345,359.1701,380.3084,447.7768,381.945,479.4667,481.6673,475.0933,386.817,413.7226,595.3091999999999,742.7608,687.2561999999999,172.4235
11,605.0224000000001,521.8921,520.8111,637.4806,471.1398,482.59090000000003,427.0148,493.27209999999997,102.3238,1.5172,0,69.1883,88.3179,52.8007,125.44839999999999,124.453,621.7506999999999,634.9198,382.6658,356.6681,279.9828,297.2857,297.03290000000004,319.6826,322.4385,331.8124,316.6212,349.61190000000005,245.8776,330.3618,271.47990000000004,257.6096,320.2178,272.43829999999997,113.95530000000001,118.4196,90.94969999999999,259.5639,303.2534,174.6556,164.9384,174.34820000000002,173.0165,481.999,517.1299,560.1856,168.5461,214.7526,246.6569,196.3316,257.8387,241.5223,216.49679999999998,408.0344,203.2183,220.962,365.3196,438.5233,298.34790000000004,349.99379999999996,243.00779999999997,603.9787,594.1888,588.4309000000001,591.9398,633.9359000000001,412.0167,303.6424,478.0408,420.8047,414.6859,410.1923,480.972,152.9377,191.5074,194.33620000000002,195.9938,191.5074,413.109,358.84459999999996,379.98290000000003,447.4513,381.6196,479.1412,481.3418,474.76779999999997,386.4915,413.39709999999997,594.9837,742.4354000000001,686.9307,172.098
12,678.5310999999999,595.4008,594.3198000000001,710.9893000000001,544.6485,556.0997,500.5236,566.7808,110.2305,69.0379,69.1883,0,155.2181,125.9745,93.03439999999999,130.8402,694.9245999999999,708.0935999999999,455.8397,429.8419,353.1567,370.4595,370.2068,399.9876,402.7435,412.11740000000003,389.7951,429.9169,326.1826,410.6669,344.6537,337.91470000000004,400.52279999999996,345.6121,187.12920000000003,185.3198,164.1235,332.7377,376.4273,247.8294,238.11229999999998,247.522,246.19039999999998,562.304,597.435,640.4907,248.8512,172.4847,326.9619,276.6367,338.1438,201.4553,296.8018,481.20820000000003,232.1262,249.8699,438.4934,511.6971,371.5218,274.7604,271.9156,677.1526,667.3626999999999,661.6048000000001,665.1137,707.1097,492.3218,376.8163,558.3458,501.1098,494.9909,483.3662,561.2771,210.3459,264.6812,274.6413,269.1677,264.6812,486.28290000000004,432.0185,453.1567,520.6251,454.7934,552.3151,554.5156,547.9417,459.66540000000003,486.571,668.1576,815.6092,760.1046,245.2719
13,557.5306999999999,474.40040000000005,473.31940000000003,589.9889000000001,423.6481,435.09929999999997,379.52320000000003,445.78040000000004,203.26829999999998,89.4895,88.3179,155.2181,0,73.8077,212.295,58.7333,573.937,587.106,334.852,308.85429999999997,232.16910000000001,249.4719,249.2192,404.3608,404.67670000000004,399.0213,462.6564,434.2901,330.5558,415.0401,366.7723,342.28790000000004,398.0865,154.64970000000002,135.46189999999999,29.8737,88.2642,211.89839999999998,255.43970000000002,126.99010000000001,117.27289999999999,126.53439999999999,131.9195,496.7085,457.06109999999995,574.8951999999999,253.2244,299.4308,331.33509999999995,281.0099,342.5169,326.20059999999995,301.175,273.2669,137.4987,155.2423,230.5521,303.75579999999997,163.5804,180.1329,177.28810000000001,556.165,546.3751,540.6170999999999,544.1261,586.1220999999999,468.0641,412.16470000000004,503.556,430.1832,434.0384,362.37859999999995,517.3084,174.44420000000002,286.7998,337.0143,291.2863,286.7998,278.34159999999997,224.0771,332.3174,399.7858,333.9541,431.3275,433.528,426.9541,338.6778,365.58340000000004,547.17,694.6216,639.117,124.4325
14,569.0145,485.8842,484.8032,601.4726999999999,435.13190000000003,446.5831,391.007,457.2642,157.78539999999998,53.1261,52.8007,125.9745,73.8077,0,182.4794,122.4132,586.3716,599.5406999999999,347.2867,321.289,153.53529999999998,261.9066,261.6539,270.24170000000004,259.9273,254.2719,267.1642,294.67220000000003,285.6431,370.1274,222.0229,297.3752,253.3371,237.0592,64.4983,168.97529999999998,41.4927,224.1848,267.8743,139.2765,129.55939999999998,138.9691,137.63739999999999,403.2561,438.3871,481.4428,208.3117,254.5181,286.42240000000004,236.0971,297.6042,281.2878,256.2623,372.6553,201.17860000000002,218.9222,329.9405,403.1442,262.9688,314.6147,317.3525,568.5997,558.8096999999999,553.0518000000001,556.5607,598.5568000000001,333.2739,254.1854,399.2979,342.06190000000004,335.943,374.8132,402.2292,103.4807,142.0504,192.26489999999998,146.5369,142.0504,377.73,323.4655,344.6038,412.0722,346.2405,443.7622,445.9627,439.38870000000003,351.11240000000004,378.018,559.6046,707.0563000000001,651.5517,136.7189
15,634.4363000000001,569.7909000000001,573.0577,666.8944,600.9086,612.3597,556.7836,623.0409000000001,57.8621,125.298,125.44839999999999,93.03439999999999,212.295,182.4794,0,247.2604,737.9024000000001,764.0009,494.5098,524.9309000000001,409.06390000000005,426.3668,426.114,289.185,291.9409,301.3148,347.0518,319.1143,215.38,299.8643,328.76370000000003,227.1121,289.72020000000003,401.5194,243.0364,241.227,220.03070000000002,388.6449,432.3345,303.73659999999995,294.0195,303.42920000000004,302.0976,451.50140000000005,486.6324,529.6881,124.33739999999999,80.81230000000001,179.0662,186.984,227.3411,109.7829,185.9992,537.1154,326.0258,343.7694,494.4006,567.6043000000001,427.429,368.66,365.8152,733.0598,723.2699,717.512,721.0209,763.017,381.5191,401.58090000000004,447.5432,390.3072,384.18829999999997,446.8792,450.4745,215.611,241.7398,271.8383,245.7421,241.7398,542.1901,487.9257,509.06390000000005,576.5324,510.70059999999995,608.2223,610.4228,603.8489000000001,515.5726,542.4781999999999,724.0648,871.5164,816.0118,301.17909999999995
16,594.8946,511.7644,510.6833,627.3528,461.012,472.46320000000003,416.8871,483.1443,239.4034,125.6245,124.453,130.8402,58.7333,122.4132,247.2604,0,611.3174,624.4865,372.2325,346.2348,269.5495,286.85240000000005,286.59959999999995,441.14709999999997,442.0572,436.4018,500.03679999999997,471.07640000000004,367.34209999999996,451.82640000000004,404.1528,379.0742,435.467,189.6781,184.7678,65.6373,148.5787,249.2788,292.82009999999997,164.3705,154.6534,163.9149,169.3,534.089,494.4416,612.2755999999999,290.0107,336.21709999999996,368.12140000000005,317.7962,379.3033,362.98690000000005,337.9613,235.09779999999998,101.8852,119.62889999999999,228.9835,302.1872,161.05,144.5195,141.6747,593.5454,583.7555,577.9975999999999,581.5065,623.5026,505.4446,449.5452,540.9365,467.56359999999995,471.4188,399.759,554.6888,223.7501,324.1803,374.3947,328.6667,324.1803,276.3263,222.06189999999998,369.6978,437.1663,371.3345,468.7079,470.9085,464.3345,376.0582,402.9638,584.5504,732.0020999999999,676.4974,161.813
17,175.4749,189.7656,200.9687,93.78110000000001,281.7705,366.4326,330.2643,338.2808,697.9126,622.0762,621.7506999999999,694.9245999999999,573.937,586.3716,737.9024000000001,611.3174,0,113.1023,452.4854,393.6327,430.6945,344.13390000000004,337.56690000000003,451.96320000000003,448.643,437.2873,414.9296,464.7577,522.6215,547.5726999999999,475.3083,543.0681999999999,468.2217,566.3634000000001,507.3863,546.0382,529.0118,496.70529999999997,371.78909999999996,452.5597,463.2013,452.9173,452.59909999999996,300.3227,266.74170000000004,257.9744,621.6606999999999,658.0897,679.8651,572.6225999999999,585.7016,684.8594,561.0114,701.9595,655.2944,683.5802,659.2447,732.4484,592.2731,643.9189,646.6567,473.7063,463.9163,458.15840000000003,461.6673,503.6634,380.5092,413.298,329.3746,359.7825,362.9678,417.9405,403.9647,565.4253,507.3178,534.8457,506.6871,507.3178,621.2483000000001,652.7698,465.0905,506.9392,500.739,152.00529999999998,151.44420000000002,159.9744,245.09529999999998,286.4638,220.3643,220.6179,366.7163,453.7458
18,281.8142,296.10490000000004,315.4226,200.1204,294.9396,379.6017,343.4334,351.4499,739.9045,635.2453,634.9198,708.0935999999999,587.106,599.5406999999999,764.0009,624.4865,113.1023,0,464.9819,406.1292,443.191,356.6304,350.0634,559.0756,555.7555,544.3996999999999,522.0421,571.8702,629.734,654.6850999999999,582.4208000000001,650.1806,575.3342,578.8599,519.8828,558.5346999999999,541.5083000000001,509.2019,384.2856,465.0562,475.6978,465.4138,465.0956,407.4352,373.8542,365.0868,728.7731,765.2022,786.9775999999999,679.735,692.814,791.9719,668.1238000000001,714.456,667.7909000000001,696.0767,671.7411999999999,744.9449000000001,604.7696,656.4154,659.1532,486.20279999999997,476.41290000000004,470.6549,262.613,516.1599,487.62170000000003,520.4105,436.4871,466.895,470.08029999999997,492.5085,511.0771,577.9218000000001,519.8143,569.4793000000001,519.1836,519.8143,633.7448,665.2663,477.587,519.4357,513.2355,164.50179999999997,163.94070000000002,172.4709,257.5918,298.96029999999996,107.9549,114.6097,260.7081,466.2423
19,363.7137,299.06829999999997,291.52070000000003,396.17190000000005,301.458,312.9092,257.3331,323.5903,454.52,382.99129999999997,382.6658,455.8397,334.852,347.2867,494.5098,372.2325,452.4854,464.9819,0,47.495599999999996,81.6867,102.6057,127.4423,211.4294,208.10920000000002,196.7535,145.8515,224.2239,282.0877,307.0389,138.5542,302.5344,227.68789999999998,325.3821,170.2103,305.05690000000004,242.4582,255.724,198.6684,211.57829999999998,195.9471,187.8821,186.9992,179.9036,140.2562,258.0903,381.12690000000003,417.5559,439.3313,332.0888,345.1678,444.32559999999995,320.4776,460.9781,414.313,442.5989,418.2633,491.467,351.2917,402.9375,405.6754,434.2478,424.4579,418.7,422.2089,464.205,151.25920000000002,95.3598,186.7511,113.3783,117.2335,45.573699999999995,200.5035,130.7526,108.868,133.7597,98.9881,108.868,466.0528,411.7884,365.73240000000004,467.4807,367.3691,309.5506,311.75109999999995,305.1772,216.90079999999998,191.9075,425.2528,572.8447,517.1998,212.7644
20,277.1398,194.0095,192.9285,309.598,275.46029999999996,286.9114,231.3353,297.5926,461.6528,356.9935,356.6681,429.8419,308.85429999999997,321.289,524.9309000000001,346.2348,393.6327,406.1292,47.495599999999996,0,56.900400000000005,62.525800000000004,70.9355,241.9629,238.64270000000002,227.2869,176.3849,254.7574,312.6212,337.5724,216.59629999999999,333.0678,258.2214,300.5957,145.424,280.2705,217.6718,230.9376,173.882,186.7919,171.16070000000002,163.0958,162.2129,210.43710000000002,170.7897,288.62379999999996,411.66040000000004,448.0894,469.8648,362.6223,375.7013,474.85909999999996,351.0111,436.1918,389.5267,417.8125,393.477,466.6807,326.5053,378.1512,380.889,409.4615,399.67159999999996,393.9136,397.4226,439.41859999999997,181.79270000000002,125.8933,217.2846,143.9118,147.767,76.1071,231.037,140.9808,126.1401,175.805,125.5093,126.1401,441.2665,387.002,340.946,442.69440000000003,342.5827,260.7645,262.965,256.391,168.1147,111.302,400.4665,524.0586,492.4135,187.9781
21,353.94109999999995,270.8108,269.7298,386.3993,279.6671,291.1182,235.5421,301.79940000000005,384.9676,280.3083,279.9828,353.1567,232.16910000000001,153.53529999999998,409.06390000000005,269.5495,430.6945,443.191,81.6867,56.900400000000005,0,82.9415,107.778,278.7334,275.4132,264.0575,213.1555,291.52790000000005,349.3917,374.34290000000004,177.0696,369.83840000000004,208.38379999999998,229.6605,88.81989999999999,202.5719,164.4306,191.056,179.0041,109.7037,117.9195,109.8545,108.9717,247.2076,207.5602,325.3943,448.4309,484.85990000000004,506.6353,202.426,412.4718,511.6296,387.78159999999997,365.2565,318.5914,346.8773,322.5417,395.7454,255.5701,307.216,309.9538,414.5836,404.79359999999997,399.0357,402.5446,444.5407,218.56320000000002,162.66379999999998,254.0551,180.6823,184.5375,112.87769999999999,267.8075,122.8193,102.0407,151.7056,101.41,102.0407,370.3312,316.0668,301.06440000000003,447.8165,302.7011,289.8863,292.0868,285.5129,197.2366,172.2432,405.5885,553.1804000000001,497.5356,113.1822
22,311.72040000000004,228.5901,227.50910000000002,344.17859999999996,216.2922,227.74329999999998,172.1672,238.4245,402.2704,297.6112,297.2857,370.4595,249.4719,261.9066,426.3668,286.85240000000005,344.13390000000004,356.6304,102.6057,62.525800000000004,82.9415,0,8.196399999999999,296.5001,293.17990000000003,281.8242,230.9222,309.2946,367.15840000000003,392.1096,271.1335,387.6051,312.7586,239.9775,181.00029999999998,219.6523,202.6258,170.3194,113.37819999999999,126.1737,136.81529999999998,126.5313,126.21310000000001,264.97429999999997,210.12820000000002,343.161,466.19759999999997,502.6266,524.402,417.1595,430.2385,529.3963,405.5483,375.5735,328.90840000000003,357.1943,332.8587,406.0624,265.8871,317.533,320.2708,348.9577,339.1677,333.40979999999996,336.9187,378.9148,236.32989999999998,180.4305,271.8218,198.449,202.3042,130.6444,285.5742,239.0393,157.95020000000002,207.61520000000002,157.3195,157.95020000000002,380.64820000000003,326.3838,280.32779999999997,382.1905,281.9645,200.9034,203.10389999999998,196.53,108.2536,127.4193,336.69559999999996,464.1975,431.9097,127.3598
23,312.4415,229.3112,228.23020000000002,344.8997,216.0394,227.4906,171.9145,238.17170000000002,402.0177,297.3584,297.03290000000004,370.2068,249.2192,261.6539,426.114,286.59959999999995,337.56690000000003,350.0634,127.4423,70.9355,107.778,8.196399999999999,0,320.73440000000005,317.4142,306.0584,255.1564,333.5289,391.3927,416.3439,295.3678,411.8393,336.9929,241.2301,182.253,220.9049,203.8785,171.572,114.63080000000001,127.4264,138.068,127.784,127.4658,289.2086,211.0323,322.4353,490.43190000000004,526.8609,548.6363,441.3938,454.4728,553.6306,429.7826,376.82620000000003,330.1611,358.4469,334.1114,407.3151,267.1398,318.7856,321.52340000000004,350.21029999999996,340.42040000000003,334.6625,338.1714,380.1675,260.5642,204.66479999999999,296.05609999999996,222.68329999999997,226.5385,154.8786,309.8085,240.292,182.1845,231.8495,181.5538,182.1845,381.90090000000004,327.6365,281.5805,383.4432,283.2172,194.2719,196.4725,189.8985,101.62219999999999,128.5278,330.0641,457.566,433.1623,128.6125
24,350.1057,285.46029999999996,288.72709999999995,382.56390000000005,494.84020000000004,506.2914,450.7153,516.9725,249.1952,318.8383,319.6826,399.9876,404.3608,270.24170000000004,289.185,441.14709999999997,451.96320000000003,559.0756,211.4294,241.9629,278.7334,296.5001,320.73440000000005,0,14.4843,13.603200000000001,61.806400000000004,33.868900000000004,75.5915,100.5427,51.3071,96.0382,39.384,432.45529999999997,204.9328,386.6473,245.5011,447.9139,390.8583,304.6865,309.968,300.1727,300.3544,166.2561,201.387,244.4427,174.63070000000002,211.0598,232.83520000000001,125.5926,138.6716,237.8295,113.9814,568.0513000000001,498.2095,526.4954,525.3365,598.5403,458.36490000000003,510.01079999999996,512.7486,626.4378,616.6479,610.89,614.3989,656.395,96.27380000000001,116.3355,162.2979,105.0618,98.943,161.63379999999998,165.22910000000002,180.8595,129.8209,115.2493,127.36710000000001,129.8209,573.126,518.8616,557.9224,659.6706999999999,559.5591,467.7844,467.2232,497.3671,409.0908,384.0975,581.5676,666.5119,709.3898,306.4572
25,346.7856,282.1402,285.407,379.24379999999996,491.52009999999996,502.9712,447.39509999999996,513.6524000000001,251.9511,321.5942,322.4385,402.7435,404.67670000000004,259.9273,291.9409,442.0572,448.643,555.7555,208.10920000000002,238.64270000000002,275.4132,293.17990000000003,317.4142,14.4843,0,10.383,46.7365,43.794,79.0449,103.99610000000001,40.3947,99.4915,27.8937,421.54290000000003,194.0204,375.735,234.58870000000002,408.668,388.2044,293.7741,299.05559999999997,289.2603,289.442,163.6021,198.7331,241.78879999999998,178.0841,214.5131,236.2885,129.046,142.125,241.28279999999998,117.43480000000001,557.139,487.29720000000003,515.583,514.4242,587.6279000000001,447.4525,499.0984,501.8362,623.7839,613.9939,608.236,611.7449,653.741,93.6198,113.6816,159.6439,102.4079,96.289,158.9799,162.57520000000002,169.9471,118.9085,81.68780000000001,116.4547,118.9085,562.2136999999999,507.9492,512.9706,657.0168000000001,514.6072,465.1304,464.5693,494.71320000000003,406.43690000000004,381.4435,578.9136,663.858,706.7359,295.54490000000004
26,335.4298,270.7844,274.0512,367.888,480.16429999999997,491.6155,436.0394,502.29659999999996,261.325,330.9681,331.8124,412.11740000000003,399.0213,254.2719,301.3148,436.4018,437.2873,544.3996999999999,196.7535,227.2869,264.0575,281.8242,306.0584,13.603200000000001,10.383,0,36.6418,35.9282,88.4764,113.42760000000001,41.1879,108.923,32.8422,422.3361,194.8136,376.5281,235.3819,435.1652,378.1096,294.5673,299.8488,290.0535,290.2352,153.5074,188.6383,231.694,187.5156,223.9446,245.72,138.4775,151.5565,250.71429999999998,126.86630000000001,557.9321,488.0903,516.3762,515.2173,588.4211,448.2457,499.8916,502.62940000000003,613.6890999999999,603.8992,598.1413,601.6501999999999,643.6463,83.52510000000001,103.5868,149.5492,92.3131,86.1943,148.8851,152.4804,170.7403,119.7017,86.6363,117.24789999999999,119.7017,563.0068,508.74240000000003,545.1736999999999,646.922,546.8104000000001,455.0357,454.4745,484.6184,396.34209999999996,371.3488,568.8189,653.7632,696.6410999999999,296.338
27,313.0721,248.4267,251.6936,345.5303,429.2623,440.7135,385.1374,451.39459999999997,307.06190000000004,316.9467,316.6212,389.7951,462.6564,267.1642,347.0518,500.03679999999997,414.9296,522.0421,145.8515,176.3849,213.1555,230.9222,255.1564,61.806400000000004,46.7365,36.6418,0,75.8249,133.6888,158.63989999999998,44.0041,154.1354,60.6903,452.64390000000003,202.2343,432.3188,242.8026,382.9859,325.9302,338.84020000000004,323.209,315.144,314.2611,129.7662,164.8971,207.9528,232.7279,269.157,290.93240000000003,183.6898,196.7688,295.92670000000004,172.0786,588.24,541.5749000000001,569.8608,545.5251999999999,618.7289000000001,478.55359999999996,530.1994,532.9373,561.5097,551.7198000000001,545.9619,549.4708,591.4669,59.564099999999996,32.485099999999996,125.808,54.086400000000005,52.2166,96.7057,128.5194,178.1611,127.1224,108.146,124.6687,127.1224,593.3146999999999,539.0503,492.9943,594.7425999999999,494.631,436.8125,439.013,432.439,344.16270000000003,319.1694,552.5147,630.022,644.4617,340.0263
28,362.9002,298.2548,301.5216,395.3584,507.6347,519.0859,463.5098,529.7671,279.1245,348.76759999999996,349.61190000000005,429.9169,434.2901,294.67220000000003,319.1143,471.07640000000004,464.7577,571.8702,224.2239,254.7574,291.52790000000005,309.2946,333.5289,33.868900000000004,43.794,35.9282,75.8249,0,104.639,82.0412,88.9747,125.0857,68.4315,470.1229,242.60029999999998,424.3149,283.1687,461.709,404.65340000000003,342.35409999999996,347.63559999999995,337.8403,338.022,180.05110000000002,215.182,258.2377,203.6782,240.10729999999998,261.8827,154.64010000000002,167.7191,266.877,143.0289,605.7189000000001,535.8770999999999,564.1629,563.0041,636.2078,496.0325,547.6784,550.4162,640.2328,630.4429,624.685,628.1939,670.19,110.0688,130.13060000000002,176.0929,118.8568,112.738,175.4288,116.0149,218.52710000000002,167.48839999999998,144.2968,165.03470000000002,167.48839999999998,610.7936,556.5292,571.7174,673.4657,573.3541,481.5794,481.0183,511.1622,422.88579999999996,397.8925,595.3625999999999,680.3069,723.1849,344.1248
29,420.764,356.11859999999996,359.3854,453.2222,565.4986,576.9497,521.3736,587.6309,175.39020000000002,245.0333,245.8776,326.1826,330.5558,285.6431,215.38,367.34209999999996,522.6215,629.734,282.0877,312.6212,349.3917,367.15840000000003,391.3927,75.5915,79.0449,88.4764,133.6888,104.639,0,68.32860000000001,115.272,20.3298,76.2286,414.28290000000004,186.7604,362.57759999999996,325.1419,519.6677,462.612,286.5141,291.7956,282.0003,282.182,238.00979999999998,273.14070000000004,316.19640000000004,100.5123,136.9414,123.019,49.8842,56.295300000000005,163.71110000000002,39.863,549.879,447.3763,465.12,507.1642,580.3679000000001,440.1925,491.83840000000004,494.57620000000003,698.1915,688.4016,682.6437,686.1526,728.1487,168.0275,188.08929999999998,234.0516,176.8155,170.69670000000002,233.3875,236.9828,138.5778,111.1424,62.4942,112.47460000000001,111.1424,554.9536999999999,500.6892,629.6761,731.4244,631.3128,539.5381,538.977,569.1209,480.8445,455.8512,653.3213000000001,738.2656,781.1435,288.28490000000005
30,445.71520000000004,381.0698,384.3366,478.1734,590.4497,601.9009,546.3248000000001,612.582,259.8745,329.5175,330.3618,410.6669,415.0401,370.1274,299.8643,451.82640000000004,547.5726999999999,654.6850999999999,307.0389,337.5724,374.34290000000004,392.1096,416.3439,100.5427,103.99610000000001,113.42760000000001,158.63989999999998,82.0412,68.32860000000001,0,140.0295,105.70360000000001,95.82339999999999,521.1777,293.65520000000004,475.3698,334.2235,544.4250999999999,487.3695,393.4089,398.6904,388.89509999999996,389.0768,262.7673,297.89820000000003,340.95390000000003,184.2961,220.7251,130.50639999999999,135.258,72.2254,247.4949,123.6468,656.7737,531.1600999999999,548.9038,614.059,687.2627,547.0873,598.7331999999999,601.471,722.949,713.1591,707.4011999999999,710.9100999999999,752.9061999999999,192.785,212.8467,258.8091,201.573,195.4541,258.145,261.7403,269.5819,218.5433,123.9501,216.0895,218.5433,661.8484,607.584,654.4336,756.1819,656.0703000000001,564.2955999999999,563.7344,593.8783000000001,505.602,480.6087,678.0788,763.0231,805.901,395.1796
31,373.45090000000005,308.8055,312.0723,405.90909999999997,469.4737,480.9248,425.3487,491.606,288.7738,271.8053,271.47990000000004,344.6537,366.7723,222.0229,328.76370000000003,404.1528,475.3083,582.4208000000001,138.5542,216.59629999999999,177.0696,271.1335,295.3678,51.3071,40.3947,41.1879,44.0041,88.9747,115.272,140.0295,0,88.4898,33.654900000000005,384.395,156.8725,338.58709999999996,197.4408,371.5202,338.0783,256.62620000000004,261.90770000000003,252.1125,252.29420000000002,183.79270000000002,218.9236,261.9794,214.9977,251.4267,273.2021,165.9596,179.0386,278.19640000000004,154.3484,519.9911,450.1493,478.4351,477.2763,550.48,410.3047,461.9505,464.68829999999997,601.4265,591.6365999999999,585.8787,589.3876,631.3837,113.81039999999999,55.6164,179.8345,94.00319999999999,116.4796,136.6225,182.76579999999998,132.7993,81.76060000000001,62.7842,79.3069,81.76060000000001,525.0658000000001,470.8014,475.8227,543.2911,477.4594,476.72929999999997,478.9298,472.3559,384.0795,359.0862,592.4315,684.0485,684.3785,258.397
32,441.21070000000003,376.5653,379.83209999999997,473.6689,585.9452,597.3964,541.8203000000001,608.0775,187.1223,256.76529999999997,257.6096,337.91470000000004,342.28790000000004,297.3752,227.1121,379.0742,543.0681999999999,650.1806,302.5344,333.0678,369.83840000000004,387.6051,411.8393,96.0382,99.4915,108.923,154.1354,125.0857,20.3298,105.70360000000001,88.4898,0,66.2706,397.1143,169.59179999999998,351.3064,210.1601,384.23940000000005,483.5919,269.3455,274.627,264.8318,265.0135,258.9896,294.1205,337.17629999999997,112.352,148.7811,170.5565,45.6433,74.6584,175.55079999999998,51.7027,532.7104,459.216,476.9597,489.99559999999997,563.1993,423.024,474.6698,477.4076,719.1714000000001,709.3814,703.6235,707.1324000000001,749.1285,189.0073,209.0691,255.0314,197.7954,191.6765,254.3674,257.9627,118.8473,93.9738,45.3256,95.306,93.9738,537.7850999999999,483.52070000000003,488.542,556.0104,490.1787,560.5179,559.9568,590.1007,501.8244,476.831,674.3011,759.2455,802.1234000000001,271.11629999999997
33,366.36420000000004,301.7188,304.9857,398.8224,511.0988,522.5499,466.9738,533.2311,249.7304,319.3735,320.2178,400.52279999999996,398.0865,253.3371,289.72020000000003,435.467,468.2217,575.3342,227.68789999999998,258.2214,208.38379999999998,312.7586,336.9929,39.384,27.8937,32.8422,60.6903,68.4315,76.2286,95.82339999999999,33.654900000000005,66.2706,0,416.32590000000005,188.80339999999998,370.518,229.37179999999998,403.4511,407.7688,288.5571,293.8387,284.0434,284.2251,183.1665,218.29739999999998,261.3532,174.3377,210.76670000000001,232.5422,125.29960000000001,138.3786,237.5365,113.68839999999999,551.922,482.0802,510.366,509.2072,582.4109,442.2356,493.88140000000004,496.6193,643.3483,633.5583,627.8004,631.3093,673.3054000000001,113.1842,89.241,179.20829999999998,121.9723,115.8534,178.5443,182.1396,164.73020000000002,113.6915,55.309,111.23780000000001,113.6915,556.9966999999999,502.7323,507.75359999999995,575.222,509.39029999999997,484.6948,484.13370000000003,514.2776,426.0013,401.0079,598.478,683.4224,726.3003,290.3279
34,549.5941,466.4638,465.3828,582.0523000000001,415.7115,224.6352,371.5866,258.7926,377.423,272.7638,272.43829999999997,345.6121,154.64970000000002,237.0592,401.5194,189.6781,566.3634000000001,578.8599,325.3821,300.5957,229.6605,239.9775,241.2301,432.45529999999997,421.54290000000003,422.3361,452.64390000000003,470.1229,414.28290000000004,521.1777,384.395,397.1143,416.32590000000005,0,233.9841,126.3179,199.5649,87.0624,166.3106,122.983,116.1851,128.081,125.6673,489.5816,449.9341,567.7682,429.0601,475.2665,507.1708,391.9326,518.3525999999999,502.0362,477.0107,143.6625,144.10060000000001,172.38639999999998,100.9477,174.1514,39.277699999999996,132.9882,135.726,332.3213,311.9265,306.14779999999996,362.2977,362.2785,460.9371,405.0378,496.42909999999995,423.0562,426.9114,355.2516,510.1814,292.02320000000003,304.184,354.3985,308.6705,304.184,137.96370000000002,83.69930000000001,176.52020000000002,243.98870000000002,128.6723,424.2005,426.4011,419.8271,331.5508,358.45640000000003,540.043,687.4946,505.02029999999996,119.754
35,490.617,407.4867,406.4057,523.0752,356.73440000000005,368.1855,312.60940000000005,378.86670000000004,218.94,114.2808,113.95530000000001,187.12920000000003,135.46189999999999,64.4983,243.0364,184.7678,507.3863,519.8828,170.2103,145.424,88.81989999999999,181.00029999999998,182.253,204.9328,194.0204,194.8136,202.2343,242.60029999999998,186.7604,293.65520000000004,156.8725,169.59179999999998,188.80339999999998,233.9841,0,187.81789999999998,39.7428,220.751,187.3091,105.8571,111.13860000000001,101.3433,101.525,337.6058,372.7368,415.7925,269.6155,315.8219,347.7262,154.5319,243.5824,342.5917,308.1615,369.2219,299.38009999999997,327.666,326.5071,399.71090000000004,259.5355,311.1814,313.9192,489.3778,479.58790000000005,473.83,477.3389,519.335,267.62359999999995,188.5351,333.64759999999995,276.41159999999996,270.2927,198.7368,336.57890000000003,45.158699999999996,76.40010000000001,126.61460000000001,80.8866,76.40010000000001,374.29659999999996,320.0322,325.0535,392.5219,326.6902,364.5403,366.7409,360.1669,271.89059999999995,298.7962,480.3828,627.8344000000001,572.3298000000001,107.62780000000001
36,529.2689,446.1386,445.0576,561.7271,395.3863,406.8375,351.26140000000004,417.5186,233.3701,119.5912,118.4196,185.3198,29.8737,168.97529999999998,241.227,65.6373,546.0382,558.5346999999999,305.05690000000004,280.2705,202.5719,219.6523,220.9049,386.6473,375.735,376.5281,432.3188,424.3149,362.57759999999996,475.3698,338.58709999999996,351.3064,370.518,126.3179,187.81789999999998,0,146.54670000000002,183.5343,227.0756,98.626,88.90889999999999,98.1704,103.5555,468.3445,428.6971,546.5310999999999,283.2473,329.4538,361.358,311.0328,372.53990000000005,356.2235,331.1979,243.2732,101.55510000000001,130.68210000000002,200.5584,273.7621,133.58679999999998,170.95839999999998,141.3445,527.8009000000001,518.011,512.2531,515.762,557.7581,439.7,383.8007,475.192,401.8191,405.6743,334.0145,488.9443,246.2749,258.4358,308.6502,262.92220000000003,258.4358,248.34789999999998,194.0835,303.9533,371.4217,305.59,402.96340000000004,405.164,398.59,310.31370000000004,337.2193,518.8059000000001,666.2575,610.7529000000001,96.0685
37,512.2425,429.11220000000003,428.0311,544.7006,378.3598,389.811,334.23490000000004,400.4922,195.93439999999998,91.27510000000001,90.94969999999999,164.1235,88.2642,41.4927,220.03070000000002,148.5787,529.0118,541.5083000000001,242.4582,217.6718,164.4306,202.6258,203.8785,245.5011,234.58870000000002,235.3819,242.8026,283.1687,325.1419,334.2235,197.4408,210.1601,229.37179999999998,199.5649,39.7428,146.54670000000002,0,186.0551,199.6144,93.7566,90.58460000000001,87.126,87.3077,378.35040000000004,365.8127,456.537,246.708,292.9145,324.81870000000004,172.7382,336.00059999999996,319.68420000000003,294.6586,334.5256,226.58329999999998,244.327,291.8108,365.0145,224.8391,276.485,279.2228,501.68309999999997,491.8931,486.1352,489.6441,531.6401999999999,308.36809999999997,229.27970000000002,374.39209999999997,338.9347,311.0372,271.13009999999997,377.32340000000005,83.5394,117.14460000000001,167.3591,121.6311,117.14460000000001,339.6003,285.33590000000004,310.1191,377.5875,311.75579999999997,376.8456,379.04609999999997,372.4722,284.19579999999996,311.1014,492.688,640.1397,584.6351,89.3395
38,479.936,396.8057,395.7247,512.3942,218.105,167.873,163.5958,218.8158,364.54859999999996,259.8893,259.5639,332.7377,211.89839999999998,224.1848,388.6449,249.2788,496.70529999999997,509.2019,255.724,230.9376,191.056,170.3194,171.572,447.9139,408.668,435.1652,382.9859,461.709,519.6677,544.4250999999999,371.5202,384.23940000000005,403.4511,87.0624,220.751,183.5343,186.0551,0,86.8848,109.1134,102.30969999999999,114.2114,111.79769999999999,419.4985,379.8511,497.6851,415.1846,461.3911,493.2953,378.063,504.47720000000004,488.1608,463.1352,225.5153,205.4229,233.7088,182.8005,256.0042,121.1305,194.0475,196.78529999999998,275.4781,255.08339999999998,249.3046,305.4545,305.4353,390.85409999999996,334.9547,426.346,352.9731,356.8283,285.1685,440.0983,278.1535,290.31440000000003,340.5289,294.8009,290.31440000000003,180.6329,155.793,119.67710000000001,187.1455,121.3137,354.11740000000003,356.318,349.744,261.46770000000004,288.3733,342.4138,617.4116,448.1771,100.1447
